-0.05000   1
-0.04988   1
-0.04975   1
-0.04963   1
-0.04950   1
-0.04938   1
-0.04925   1
-0.04913   1
-0.04900   1
-0.04888   1
-0.04875   1
-0.04863   1
-0.04850   1
-0.04838   1
-0.04825   1
-0.04813   1
-0.04800   1
-0.04788   1
-0.04775   1
-0.04763   1
-0.04750   1
-0.04738   1
-0.04725   1
-0.04713   1
-0.04700   1
-0.04688   1
-0.04675   1
-0.04662   1
-0.04650   1
-0.04637   1
-0.04625   1
-0.04612   1
-0.04600   1
-0.04587   1
-0.04575   1
-0.04562   1
-0.04550   1
-0.04538   1
-0.04525   1
-0.04513   1
-0.04500   1
-0.04488   1
-0.04475   1
-0.04463   1
-0.04450   1
-0.04438   1
-0.04425   1
-0.04413   1
-0.04400   1
-0.04388   1
-0.04375   1
-0.04363   1
-0.04350   1
-0.04338   1
-0.04325   1
-0.04313   1
-0.04300   1
-0.04288   1
-0.04275   1
-0.04263   1
-0.04250   1
-0.04238   1
-0.04225   1
-0.04213   1
-0.04200   1
-0.04188   1
-0.04175   1
-0.04163   1
-0.04150   1
-0.04138   1
-0.04125   1
-0.04113   1
-0.04100   1
-0.04088   1
-0.04075   1
-0.04063   1
-0.04050   1
-0.04038   1
-0.04025   1
-0.04013   1
-0.04000   1
-0.03988   1
-0.03975   1
-0.03963   1
-0.03950   1
-0.03938   1
-0.03925   1
-0.03913   1
-0.03900   1
-0.03888   1
-0.03875   1
-0.03863   1
-0.03850   1
-0.03838   1
-0.03825   1
-0.03813   1
-0.03800   1
-0.03788   1
-0.03775   1
-0.03763   1
-0.03750   1
-0.03738   1
-0.03725   1
-0.03713   1
-0.03700   1
-0.03688   1
-0.03675   1
-0.03663   1
-0.03650   1
-0.03638   1
-0.03625   1
-0.03613   1
-0.03600   1
-0.03588   1
-0.03575   1
-0.03563   1
-0.03550   1
-0.03538   1
-0.03525   1
-0.03513   1
-0.03500   1
-0.03488   1
-0.03475   1
-0.03463   1
-0.03450   1
-0.03438   1
-0.03425   1
-0.03413   1
-0.03400   1
-0.03388   1
-0.03375   2
-0.03363   2
-0.03350   2
-0.03338   2
-0.03325   2
-0.03313   2
-0.03300   2
-0.03288   3
-0.03275   3
-0.03263   3
-0.03250   3
-0.03238   3
-0.03225   3
-0.03213   3
-0.03200   3
-0.03188   3
-0.03175   3
-0.03163   3
-0.03150   3
-0.03138   3
-0.03125   3
-0.03113   3
-0.03100   3
-0.03088   3
-0.03075   3
-0.03063   3
-0.03050   7
-0.03038   3
-0.03025   3
-0.03013   3
-0.03000   3
-0.02988   3
-0.02975   4
-0.02963   5
-0.02950   7
-0.02938   8
-0.02925   5
-0.02913   5
-0.02900   5
-0.02888   5
-0.02875   7
-0.02863   6
-0.02850   5
-0.02838   5
-0.02825   5
-0.02813   5
-0.02800   6
-0.02788   6
-0.02775   5
-0.02763   17
-0.02750   27
-0.02738   8
-0.02725   8
-0.02713   9
-0.02700   8
-0.02688   9
-0.02675   13
-0.02663   11
-0.02650   29
-0.02638   14
-0.02625   111
-0.02613   42
-0.02600   54
-0.02588   116
-0.02575   110
-0.02563   222
-0.02550   126
-0.02538   154
-0.02525   110
-0.02513   110
-0.02500   137
-0.02488   105
-0.02475   127
-0.02463   567
-0.02450   289
-0.02438   150
-0.02425   114
-0.02413   334
-0.02400   103
-0.02388   114
-0.02375   186
-0.02363   379
-0.02350   198
-0.02338   127
-0.02325   97
-0.02313   239
-0.02300   380
-0.02288   230
-0.02275   707
-0.02263   395
-0.02250   252
-0.02238   625
-0.02225   128
-0.02213   315
-0.02200   165
-0.02188   238
-0.02175   104
-0.02163   495
-0.02150   185
-0.02138   126
-0.02125   150
-0.02113   41
-0.02100   55
-0.02088   44
-0.02075   62
-0.02063   65
-0.02050   325
-0.02038   611
-0.02025   371
-0.02013   1802
-0.02000   1820
-0.01988   997
-0.01975   200
-0.01963   1353
-0.01950   1797
-0.01938   630
-0.01925   391
-0.01913   670
-0.01900   350
-0.01888   -1
-0.01875   -1
-0.01863   -1
-0.01850   -1
-0.01838   -1
-0.01825   -1
-0.01813   -1
-0.01800   -1
-0.01788   -1
-0.01775   -1
-0.01763   -1
-0.01750   -1
-0.01738   -1
-0.01725   -1
-0.01713   -1
-0.01700   -1
-0.01688   -1
-0.01675   -1
-0.01663   -1
-0.01650   -1
-0.01638   -1
-0.01625   -1
-0.01613   -1
-0.01600   -1
-0.01588   -1
-0.01575   -1
-0.01562   -1
-0.01550   -1
-0.01537   -1
-0.01525   -1
-0.01512   -1
-0.01500   -1
-0.01487   -1
-0.01475   -1
-0.01462   -1
-0.01450   -1
-0.01437   -1
-0.01425   -1
-0.01412   -1
-0.01400   -1
-0.01388   -1
-0.01375   -1
-0.01363   -1
-0.01350   -1
-0.01338   -1
-0.01325   -1
-0.01313   -1
-0.01300   -1
-0.01288   -1
-0.01275   -1
-0.01263   -1
-0.01250   -1
-0.01238   -1
-0.01225   -1
-0.01213   -1
-0.01200   -1
-0.01188   -1
-0.01175   -1
-0.01163   -1
-0.01150   -1
-0.01138   -1
-0.01125   -1
-0.01113   -1
-0.01100   -1
-0.01088   -1
-0.01075   -1
-0.01063   -1
-0.01050   -1
-0.01038   -1
-0.01025   -1
-0.01013   -1
-0.01000   -1
-0.00988   -1
-0.00975   -1
-0.00963   -1
-0.00950   -1
-0.00938   -1
-0.00925   -1
-0.00913   -1
-0.00900   -1
-0.00888   -1
-0.00875   -1
-0.00863   -1
-0.00850   -1
-0.00838   -1
-0.00825   -1
-0.00813   -1
-0.00800   -1
-0.00788   -1
-0.00775   -1
-0.00762   -1
-0.00750   -1
-0.00737   -1
-0.00725   -1
-0.00712   -1
-0.00700   -1
-0.00687   -1
-0.00675   -1
-0.00662   -1
-0.00650   -1
-0.00637   -1
-0.00625   -1
-0.00612   -1
-0.00600   -1
-0.00588   -1
-0.00575   -1
-0.00563   -1
-0.00550   -1
-0.00538   -1
-0.00525   -1
-0.00513   -1
-0.00500   -1
-0.00488   -1
-0.00475   -1
-0.00463   -1
-0.00450   -1
-0.00438   -1
-0.00425   -1
-0.00413   -1
-0.00400   -1
-0.00388   -1
-0.00375   -1
-0.00363   -1
-0.00350   -1
-0.00338   -1
-0.00325   -1
-0.00313   -1
-0.00300   -1
-0.00288   -1
-0.00275   -1
-0.00263   -1
-0.00250   -1
-0.00238   -1
-0.00225   -1
-0.00213   -1
-0.00200   -1
-0.00188   -1
-0.00175   -1
-0.00163   -1
-0.00150   -1
-0.00138   -1
-0.00125   -1
-0.00113   -1
-0.00100   -1
-0.00088   -1
-0.00075   -1
-0.00063   -1
-0.00050   -1
-0.00038   -1
-0.00025   -1
-0.00013   -1
0.00000    -1
